6148.1	2457525	0.5000874136559254	0.5000874136562292	26.25
6148.1	2457525	0.5037198300950313	0.5037198300951904	13.75
6148.1	2457525	0.5037954440932663	0.5037954440933530	7.49
6148.1	2457525	0.5041327709072709	0.5041327709074734	17.50
6148.1	2457525	0.5051341934806939	0.5051341934807951	8.75
6148.1	2457525	0.5054067571454218	0.5054067571456824	22.51
6148.1	2457525	0.5058059283149676	0.5058059283152135	21.25
6148.1	2457525	0.5078908604689027	0.5078908604694816	50.01
6148.1	2457525	0.5101620400201760	0.5101620400205521	32.50
6148.1	2457525	0.5104735673853525	0.5104735673856129	22.49
6148.1	2457525	0.5106998729873344	0.5106998729874648	11.26
6148.1	2457525	0.5131901024856129	0.5131901024858877	23.74
6148.1	2457525	0.5156499242319093	0.5156499242322854	32.50
6148.1	2457525	0.5164155026426875	0.5164155026430204	28.76
6148.1	2457525	0.5194442170186280	0.5194442170188739	21.25
6148.1	2457525	0.5201447609003698	0.5201447609008473	41.26
6148.1	2457525	0.5247436700886945	0.5247436700888970	17.50
6148.1	2457525	0.5269924468888680	0.5269924468890271	13.75
6148.1	2457525	0.5275739212416458	0.5275739212420075	31.25
6148.1	2457525	0.5291568981789144	0.5291568981791892	23.74
6148.1	2457525	0.5297524412241980	0.5297524412244439	21.25
6148.1	2457525	0.5311043967401268	0.5311043967406910	48.75
6148.1	2457525	0.5311043967407200	0.5311043967409514	20.00
6148.1	2457525	0.5311806140555059	0.5311806140556939	16.25
6148.1	2457525	0.5313221220919931	0.5313221220923113	27.49
6148.1	2457525	0.5349482177567501	0.5349482177571406	33.75
6148.1	2457525	0.5356348172142588	0.5356348172144324	15.00
6148.1	2457525	0.5363830810997477	0.5363830811001963	38.75
6148.1	2457525	0.5385789224130868	0.5385789224134051	27.50
6148.1	2457525	0.5389068756920076	0.5389068756922679	22.49
6148.1	2457525	0.5399317243211019	0.5399317243212320	11.24
6148.1	2457525	0.5402865992713334	0.5402865992716227	25.00
6148.1	2457525	0.5410911436062003	0.5410911436065475	30.00
6148.1	2457525	0.5417665175914723	0.5417665175917616	25.00
6148.1	2457525	0.5418587673247333	0.5418587673252396	43.75
6148.1	2457525	0.5425135987113797	0.5425135987126818	112.50
6148.1	2457525	0.5425135987129567	0.5425135987130290	6.24
6148.1	2457525	0.5457586197120741	0.5457586197123490	23.75
6148.1	2457525	0.5514405773970856	0.5514405773973461	22.50
6148.1	2457525	0.5540203257206534	0.5540203257209572	26.24
6148.1	2457525	0.5547037778346001	0.5547037778348316	20.00
6148.1	2457525	0.5561451345013247	0.5561451345017586	37.49
6148.1	2457525	0.5574711814759631	0.5574711814764838	44.99
6148.1	2457525	0.5624947467078207	0.5624947467080811	22.49
6148.1	2457525	0.5633568611151991	0.5633568611156621	40.00
6148.1	2457525	0.5660544605991256	0.5660544605992558	11.25
6148.1	2457525	0.5660598154877395	0.5660598154883617	53.76
6148.1	2457525	0.5661073078697854	0.5661073078699589	14.99
6148.1	2457525	0.5661234183713044	0.5661234183715648	22.49
6148.1	2457525	0.5713932791036974	0.5713932791039867	25.00
6148.1	2457525	0.5748145538311569	0.5748145538314462	25.00
6148.1	2457525	0.5767413293715793	0.5767413293717674	16.25
6148.1	2457525	0.5769428012334138	0.5769428012339202	43.75
6148.1	2457525	0.5777136068529161	0.5777136068530029	7.50
6148.1	2457525	0.5778090703867559	0.5778090703870742	27.50
6148.1	2457525	0.5785007072433820	0.5785007072438015	36.25
6148.1	2457525	0.5785007072438160	0.5785007072439896	15.00
6148.1	2457525	0.5798130278331244	0.5798130278333560	20.01
6148.1	2457525	0.5839194072958993	0.5839194072962466	30.00
6148.1	2457525	0.5848738949936568	0.5848738949939318	23.76
6148.1	2457525	0.5859644485215649	0.5859644485219410	32.49
6148.1	2457525	0.5889106366275255	0.5889106366278148	25.00
6148.1	2457525	0.5922922770871319	0.5922922770876095	41.26
6148.1	2457525	0.5925629663518890	0.5925629663523952	43.74
6148.1	2457525	0.5931710116069236	0.5931710116072130	25.00
6148.1	2457525	0.5957087148985614	0.5957087148991111	47.50
6148.1	2457525	0.5965418672987639	0.5965418672990244	22.50
6148.1	2457525	0.5989269310397073	0.5989269310398663	13.74
6148.1	2457525	0.6040234823434832	0.6040234823437870	26.24
6148.1	2457525	0.6085339425915446	0.6085339425917616	18.75
6148.1	2457525	0.6145047620881882	0.6145047620885643	32.50
6148.1	2457525	0.6145047620885787	0.6145047620887814	17.51
6148.1	2457525	0.6161338021167038	0.6161338021171233	36.25
6148.1	2457525	0.6183784215881158	0.6183784215886222	43.75
6148.1	2457525	0.6199924030415591	0.6199924030419063	30.00
6148.1	2457525	0.6202403507766140	0.6202403507770191	35.00
6148.1	2457525	0.6208960251816343	0.6208960251817356	8.75
6148.1	2457525	0.6217526632944381	0.6217526632946406	17.50
6148.1	2457525	0.6232981897033646	0.6232981897036973	28.75
6148.1	2457525	0.6233299903866401	0.6233299903868715	20.00
6148.1	2457525	0.6238353217804768	0.6238353217806939	18.75
6148.1	2457525	0.6239274120526268	0.6239274120528437	18.74
6148.1	2457525	0.6247692527596002	0.6247692527599185	27.50
6148.1	2457525	0.6264615932380724	0.6264615932385498	41.25
6148.1	2457525	0.6286071549727656	0.6286071549730406	23.76
6148.1	2457525	0.6286071549730550	0.6286071549732432	16.26
6148.1	2457525	0.6302977837888247	0.6302977837893889	48.75
6148.1	2457525	0.6371432058027570	0.6371432058029306	15.00
6148.1	2457525	0.6375891943081390	0.6375891943085296	33.75
6148.1	2457525	0.6392458275654885	0.6392458275659514	39.99
6148.1	2457525	0.6402855357484167	0.6402855357488217	34.99
6148.1	2457525	0.6411675844172535	0.6411675844187726	131.25
6148.1	2457525	0.6411675844188595	0.6411675844189317	6.24
6148.1	2457525	0.6424270472077772	0.6424270472079219	12.50
6148.1	2457525	0.6438435931511944	0.6438435931514549	22.50
6148.1	2457525	0.6444673578169352	0.6444673578172535	27.50
6148.1	2457525	0.6459246268744150	0.6459246268746609	21.25
6148.1	2457525	0.6481570752974184	0.6481570752979972	50.00
6148.1	2457525	0.6520553779212899	0.6520553779216227	28.76
6148.1	2457525	0.6532694092201037	0.6532694092206678	48.74
6148.1	2457525	0.6542781445897506	0.6542781445900399	24.99
6148.1	2457525	0.6555627542838768	0.6555627542841951	27.50
6148.1	2457525	0.6569016294018166	0.6569016294021205	26.25
6148.1	2457525	0.6572175581022361	0.6572175581031042	75.00
6148.1	2457525	0.6582486926222014	0.6582486926225053	26.25
6148.1	2457525	0.6591533471155752	0.6591533471158790	26.25
6148.1	2457525	0.6597446658394613	0.6597446658398519	33.75
6148.1	2457525	0.6604865739977657	0.6604865739979972	20.00
6148.1	2457525	0.6623192328181361	0.6623192328185556	36.25
6148.1	2457525	0.6627330023714346	0.6627330023719120	41.25
6148.1	2457525	0.6631394319991256	0.6631394319994149	25.00
6148.1	2457525	0.6648110436553176	0.6648110436556071	25.01
6148.1	2457525	0.6650911643182518	0.6650911643184254	15.00
6148.1	2457525	0.6688350935746464	0.6688350935748489	17.50
6148.1	2457525	0.6705828523409804	0.6705828523414433	40.00
6148.1	2457525	0.6734666328984312	0.6734666328989375	43.74
6148.1	2457525	0.6750812020295509	0.6750812020297680	18.75
6148.1	2457525	0.6756577931739666	0.6756577931742558	24.99
6148.1	2457525	0.6761887289350920	0.6761887289355261	37.51
6148.1	2457525	0.6761887289355550	0.6761887289357577	17.51
6148.1	2457525	0.6763003078854247	0.6763003078856852	22.50
6148.1	2457525	0.6769207180466082	0.6769207180468976	25.00
6148.1	2457525	0.6774262634400978	0.6774262634405029	35.00
6148.1	2457525	0.6790326486213623	0.6790326486216371	23.75
6148.1	2457525	0.6820600088054913	0.6820600088058965	35.00
6148.1	2457525	0.6820600088059253	0.6820600088060700	12.50
6148.1	2457525	0.6846609678279595	0.6846609678282634	26.25
6148.1	2457525	0.6857582839897796	0.6857582839902714	42.49
6148.1	2457525	0.6860889651354682	0.6860889651358010	28.75
6148.1	2457525	0.6911212972099474	0.6911212972103525	35.00
6148.1	2457525	0.6937106295966227	0.6937106295970278	35.00
6148.1	2457525	0.6987912879299993	0.6987912879303178	27.51
6148.1	2457525	0.6996300936271059	0.6996300936274965	33.75
6148.1	2457525	0.6996300936275255	0.6996300936277280	17.50
6148.1	2457525	0.7015027744398663	0.7015027744401557	25.01
6148.1	2457525	0.7018039037863653	0.7018039037867703	34.99
6148.1	2457525	0.7036811795552309	0.7036811795554768	21.25
6148.1	2457525	0.7053559334038275	0.7053559334040156	16.25
6148.1	2457525	0.7095488008535816	0.7095488008538999	27.50
6148.1	2457525	0.7146200692047679	0.7146200692048837	10.00
6148.1	2457525	0.7169373398479826	0.7169373398481418	13.76
6148.1	2457525	0.7181643097618137	0.7181643097619873	15.00
6148.1	2457525	0.7181803190369149	0.7181803190370162	8.75
6148.1	2457525	0.7204253968606853	0.7204253968610759	33.75
6148.1	2457525	0.7215872418494295	0.7215872418499647	46.24
6148.1	2457525	0.7215872418499791	0.7215872418502252	21.26
6148.1	2457525	0.7237870892362929	0.7237870892365533	22.50
6148.1	2457525	0.7237870892366112	0.7237870892366980	7.50
6148.1	2457525	0.7284066280888825	0.7284066280894468	48.76
6148.1	2457525	0.7285340808956100	0.7285340808960296	36.25
6148.1	2457525	0.7297373293354682	0.7297373293358155	30.00
6148.1	2457525	0.7313426421493859	0.7313426421497912	35.01
6148.1	2457525	0.7328909730765706	0.7328909730768745	26.25
6148.1	2457525	0.7342635639569671	0.7342635639574445	41.25
6148.1	2457525	0.7342635639574878	0.7342635639576760	16.26
6148.1	2457525	0.7352679898729393	0.7352679898730839	12.50
6148.1	2457525	0.7368672879625660	0.7368672879628554	25.01
6148.1	2457525	0.7369842988791314	0.7369842988793049	14.99
6148.1	2457525	0.7397279684746030	0.7397279684749937	33.76
6148.1	2457525	0.7421762219889984	0.7421762219892877	25.00
6148.1	2457525	0.7427127192934398	0.7427127192940041	48.75
6148.1	2457525	0.7429478427476933	0.7429478427480261	28.75
6148.1	2457525	0.7437292812476499	0.7437292812479103	22.49
6148.1	2457525	0.7447163761032922	0.7447163761035382	21.26
6148.1	2457525	0.7447822123197708	0.7447822123200891	27.50
6148.1	2457525	0.7450290916585585	0.7450290916591082	47.50
6148.1	2457525	0.7468776555051296	0.7468776555054045	23.75
6148.1	2457525	0.7487237674779161	0.7487237674781765	22.49
6148.1	2457525	0.7530508895222593	0.7530508895225487	25.01
6148.1	2457525	0.7540260487019902	0.7540260487022361	21.25
6148.1	2457525	0.7550117131532923	0.7550117131537408	38.75
6148.1	2457525	0.7551934075221435	0.7551934075225486	35.00
6148.1	2457525	0.7561726372077628	0.7561726372081390	32.50
6148.1	2457525	0.7575262685931650	0.7575262685935845	36.25
6148.1	2457525	0.7576507634783067	0.7576507634792327	80.00
6148.1	2457525	0.7576507634793340	0.7576507634794641	11.24
6148.1	2457525	0.7577448541545510	0.7577448541549850	37.51
6148.1	2457525	0.7610453348088478	0.7610453348091807	28.76
6148.1	2457525	0.7628365840346292	0.7628365840350342	34.99
6148.1	2457525	0.7637533157973896	0.7637533157974329	3.74
6148.1	2457525	0.7657708352988797	0.7657708352990967	18.75
6148.1	2457525	0.7686760592733010	0.7686760592733733	6.25
6148.1	2457525	0.7693681969863218	0.7693681969869728	56.25
6148.1	2457525	0.7723369483618425	0.7723369483620307	16.26
6148.1	2457525	0.7728772689360180	0.7728772689361628	12.51
6148.1	2457525	0.7729613825663565	0.7729613825665881	20.01
6148.1	2457525	0.7730169231019323	0.7730169231021783	21.26
6148.1	2457525	0.7762029274560700	0.7762029274564751	35.00
6148.1	2457525	0.7762029274564896	0.7762029274567355	21.25
6148.1	2457525	0.7775424607013247	0.7775424607015996	23.75
6148.1	2457525	0.7802646331900833	0.7802646331903293	21.26
6148.1	2457525	0.7802646331903872	0.7802646331905175	11.26
6148.1	2457525	0.7832070722554479	0.7832070722556359	16.24
6148.1	2457525	0.7837181639880001	0.7837181639883474	30.00
6148.1	2457525	0.7838774378149965	0.7838774378152279	19.99
6148.1	2457525	0.7874511961873925	0.7874511961877975	34.99
6148.1	2457525	0.7904930982721147	0.7904930982722448	11.24
6148.1	2457525	0.7905967398085729	0.7905967398087032	11.25
6148.1	2457525	0.7919627805703205	0.7919627805707258	35.01
6148.1	2457525	0.7988359421425574	0.7988359421430057	38.73
6148.1	2457525	0.7988991441701035	0.7988991441705376	37.51
6148.1	2457525	0.7988991441705956	0.7988991441707547	13.75
6148.1	2457525	0.8007295279271494	0.8007295279276703	45.01
6148.1	2457525	0.8007295279276992	0.8007295279279596	22.49
6148.1	2457525	0.8022292516996609	0.8022292516998200	13.75
6148.1	2457525	0.8031644616157054	0.8031644616158791	15.00
6148.1	2457525	0.8036512449346002	0.8036512449349763	32.50
6148.1	2457525	0.8039141170971870	0.8039141170973316	12.50
6148.1	2457525	0.8068211007026846	0.8068211007032778	51.25
6148.1	2457525	0.8068430735923693	0.8068430735925862	18.74
6148.1	2457525	0.8071325518406042	0.8071325518409660	31.26
6148.1	2457525	0.8097087709142443	0.8097087709145481	26.24
6148.1	2457525	0.8101401482344990	0.8101401482348172	27.49
6148.1	2457525	0.8106479241957548	0.8106479241963044	47.48
6148.1	2457525	0.8106479241963188	0.8106479241965793	22.50
6148.1	2457525	0.8109107981309398	0.8109107981312003	22.50
6148.1	2457525	0.8133158700890996	0.8133158700895047	35.00
6148.1	2457525	0.8133158700895337	0.8133158700897363	17.51
6148.1	2457525	0.8168782314563450	0.8168782314566633	27.50
6148.1	2457525	0.8174885815501238	0.8174885815506159	42.51
6148.1	2457525	0.8174885815506303	0.8174885815508905	22.48
6148.1	2457525	0.8187634028322274	0.8187634028322708	3.75
6148.1	2457525	0.8187668825986915	0.8187668825990098	27.50
6148.1	2457525	0.8190460736267733	0.8190460736269323	13.74
6148.1	2457525	0.8200960128231418	0.8200960128233589	18.75
6148.1	2457525	0.8204716806619005	0.8204716806620886	16.26
6148.1	2457525	0.8211088208422102	0.8211088208424125	17.49
6148.1	2457525	0.8211408217981563	0.8211408217985469	33.75
6148.1	2457525	0.8227865331291748	0.8227865331295798	34.99
6148.1	2457525	0.8235223040021492	0.8235223040024531	26.25
6148.1	2457525	0.8268263466014838	0.8268263466017298	21.26
6148.1	2457525	0.8277528605033501	0.8277528605039435	51.27
6148.1	2457525	0.8287495250254566	0.8287495250259486	42.50
6148.1	2457525	0.8289092844992558	0.8289092844995887	28.76
6148.1	2457525	0.8300783393346147	0.8300783393347160	8.75
6148.1	2457525	0.8314337018734020	0.8314337018739665	48.77
6148.1	2457525	0.8334486487450747	0.8334486487453205	21.24
6148.1	2457525	0.8377205794607865	0.8377205794611047	27.49
6148.1	2457525	0.8384854679426007	0.8384854679429770	32.51
6148.1	2457525	0.8453475250671378	0.8453475250674705	28.74
6148.1	2457525	0.8492943125526558	0.8492943125528872	20.00
6148.1	2457525	0.8518527868393165	0.8518527868396638	30.00
6148.1	2457525	0.8548231477270770	0.8548231477274821	35.00
6148.1	2457525	0.8550085424484311	0.8550085424487349	26.25
6148.1	2457525	0.8574270954794352	0.8574270954796956	22.50
6148.1	2457525	0.8581710504708271	0.8581710504713044	41.24
6148.1	2457525	0.8586954690536974	0.8586954690539577	22.48
6148.1	2457525	0.8586954690540011	0.8586954690542470	21.25
6148.1	2457525	0.8646141948679913	0.8646141948684832	42.50
6148.1	2457525	0.8647108766940909	0.8647108766944817	33.76
6148.1	2457525	0.8682474504684109	0.8682474504686134	17.50
6148.1	2457525	0.8698705568653582	0.8698705568656332	23.76
6148.1	2457525	0.8714090162622622	0.8714090162625516	25.01
6148.1	2457525	0.8716812953068948	0.8716812953070394	12.50
6148.1	2457525	0.8745348707751818	0.8745348707754421	22.49
6148.1	2457525	0.8767105713778149	0.8767105713783211	43.73
6148.1	2457525	0.8767105713783501	0.8767105713785817	20.01
6148.1	2457525	0.8776392437228090	0.8776392437232865	41.26
6148.1	2457525	0.8824517647705232	0.8824517647706822	13.74
6148.1	2457525	0.8839092592770481	0.8839092592773952	29.99
6148.1	2457525	0.8850452295199736	0.8850452295202048	19.98
6148.1	2457525	0.8863250939235467	0.8863250939237204	15.00
6148.1	2457525	0.8864038253935412	0.8864038253938449	26.24
6148.1	2457525	0.8865366778295798	0.8865366778297968	18.75
6148.1	2457525	0.8865366778298693	0.8865366778300428	14.98
6148.1	2457525	0.8866836867256158	0.8866836867258039	16.25
6148.1	2457525	0.8866836867258617	0.8866836867259631	8.76
6148.1	2457525	0.8889466641681649	0.8889466641684687	26.24
6148.1	2457525	0.8917859340596723	0.8917859340600196	30.00
6148.1	2457525	0.8936861247046524	0.8936861247048113	13.74
6148.1	2457525	0.8946099845915880	0.8946099845918775	25.01
6148.1	2457525	0.8964032361933385	0.8964032361935846	21.27
6148.1	2457525	0.8971637933724039	0.8971637933728235	36.25
6148.1	2457525	0.8978705509900978	0.8978705509904884	33.75
6148.1	2457525	0.8978787054956244	0.8978787054957402	10.00
6148.1	2457525	0.8988522294291168	0.8988522294297679	56.26
6148.1	2457525	0.8988522294297824	0.8988522294299706	16.26
6148.1	2457525	0.8998858205702773	0.8998858205703640	7.49
6148.1	2457525	0.9001529419009630	0.9001529419012234	22.50
6148.1	2457525	0.9018149772629566	0.9018149772632893	28.76
6148.1	2457525	0.9036602192868861	0.9036602192876529	66.25
6148.1	2457525	0.9042962915278582	0.9042962915282924	37.52
6148.1	2457525	0.9055384180627252	0.9055384180629710	21.25
6148.1	2457525	0.9059304940200168	0.9059304940204798	40.00
6148.1	2457525	0.9062221738646058	0.9062221738651557	47.51
6148.1	2457525	0.9069093814576613	0.9069093814577773	10.01
6148.1	2457525	0.9075661492039001	0.9075661492042761	32.49
6148.1	2457525	0.9090697490746174	0.9090697490751093	42.51
6148.1	2457525	0.9148438159855116	0.9148438159857866	23.75
6148.1	2457525	0.9156353266261513	0.9156353266262524	8.74
6148.1	2457525	0.9157831313221869	0.9157831313229393	65.01
6148.1	2457525	0.9194647420715938	0.9194647420720421	38.75
6148.1	2457525	0.9197900410089201	0.9197900410092383	27.50
6148.1	2457525	0.9223419190820974	0.9223419190823288	20.00
6148.1	2457525	0.9253373026587753	0.9253373026592093	37.50
6148.1	2457525	0.9297755144939029	0.9297755144943077	34.98
6148.1	2457525	0.9297755144943369	0.9297755144943946	4.99
6148.1	2457525	0.9315281305896204	0.9315281305900833	40.00
6148.1	2457525	0.9315281305900978	0.9315281305903294	20.01
6148.1	2457525	0.9315658726374938	0.9315658726377686	23.75
6148.1	2457525	0.9341583109046957	0.9341583109050281	28.72
6148.1	2457525	0.9362741609278727	0.9362741609280030	11.24
6148.1	2457525	0.9374538663405607	0.9374538663408936	28.76
6148.1	2457525	0.9375876920946553	0.9375876920949445	25.00
6148.1	2457525	0.9378272186876527	0.9378272186879566	26.25
6148.1	2457525	0.9380675370552454	0.9380675370555491	26.24
6148.1	2457525	0.9400640053660672	0.9400640053662985	20.00
6148.1	2457525	0.9404449518592384	0.9404449518597303	42.50
6148.1	2457525	0.9424709143033357	0.9424709143038565	45.01
6148.1	2457525	0.9425003583291603	0.9425003583294641	26.25
6148.1	2457525	0.9491601464213479	0.9491601464219266	49.99
6148.1	2457525	0.9494583520531186	0.9494583520534225	26.25
6148.1	2457525	0.9555243374180782	0.9555243374187146	54.99
6148.1	2457525	0.9588128674461309	0.9588128674464638	28.76
6148.1	2457525	0.9598026767608734	0.9598026767609745	8.74
6148.1	2457525	0.9600582816299995	0.9600582816303902	33.75
6148.1	2457525	0.9600582816304045	0.9600582816306071	17.51
6148.1	2457525	0.9601871070126817	0.9601871070131014	36.25
6148.1	2457525	0.9631319299898810	0.9631319299902857	34.98
6148.1	2457525	0.9633540595217965	0.9633540595219121	10.00
6148.1	2457525	0.9652987290467093	0.9652987290469990	25.02
6148.1	2457525	0.9682603545836598	0.9682603545840361	32.51
6148.1	2457525	0.9693956450281478	0.9693956450285094	31.24
6148.1	2457525	0.9726574678019757	0.9726574678022649	25.00
6148.1	2457525	0.9729971558069236	0.9729971558074589	46.26
6148.1	2457525	0.9737501604791750	0.9737501604794931	27.50
6148.1	2457525	0.9737501604796958	0.9737501604801008	34.99
6148.1	2457525	0.9742941670382314	0.9742941670393890	100.01
6148.1	2457525	0.9742941670394322	0.9742941670398085	32.51
6148.1	2457525	0.9745781713129857	0.9745781713133761	33.75
6148.1	2457525	0.9778608172245742	0.9778608172251093	46.24
6148.1	2457525	0.9778608172251529	0.9778608172253701	18.76
6148.1	2457525	0.9854618584767153	0.9854618584769902	23.75
6148.1	2457525	0.9872577274331678	0.9872577274335730	35.01
6148.1	2457525	0.9874404274935702	0.9874404274938593	24.99
6148.1	2457525	0.9883847007422826	0.9883847007424269	12.49
6148.1	2457525	0.9891256424038422	0.9891256424041169	23.74
6148.1	2457525	0.9897959442785673	0.9897959442788131	21.25
6148.1	2457525	0.9949309959411540	0.9949309959415014	30.00
6148.1	2457525	0.9953492953283501	0.9953492953287697	36.27
6148.1	2457525	0.9973217023144035	0.9973217023147938	33.73
6148.1	2457525	0.9976275650924995	0.9976275650928902	33.75
6148.1	2457525	0.9983522235646928	0.9983522235651845	42.49
6148.1	2457525	0.9983522235651991	0.9983522235654739	23.74
6148.1	2457526	0.0005175422218542	0.0005175422221580	26.25
6148.1	2457526	0.0014258195203495	0.0014258195207257	32.50
6148.1	2457526	0.0030040763540011	0.0030040763544786	41.25
6148.1	2457526	0.0044270959499502	0.0044270959512812	115.00
6148.1	2457526	0.0044270959514548	0.0044270959515706	10.00
6148.1	2457526	0.0057410939179768	0.0057410939183964	36.25
6148.1	2457526	0.0061165042021927	0.0061165042024386	21.25
6148.1	2457526	0.0062581006971580	0.0062581006977945	55.00
6148.1	2457526	0.0067357640318657	0.0067357640322708	35.00
6148.1	2457526	0.0070043485330087	0.0070043485331389	11.25
6148.1	2457526	0.0133166840706678	0.0133166840708993	20.00
6148.1	2457526	0.0157064386356273	0.0157064386360903	40.00
6148.1	2457526	0.0158648145915879	0.0158648145919062	27.50
6148.1	2457526	0.0158660061500660	0.0158660061502685	17.50
6148.1	2457526	0.0169086109631736	0.0169086109634051	20.00
6148.1	2457526	0.0170864736390272	0.0170864736393455	27.50
6148.1	2457526	0.0171449116549560	0.0171449116551730	18.75
6148.1	2457526	0.0209326067995307	0.0209326067998055	23.75
6148.1	2457526	0.0209326067998345	0.0209326068000370	17.50
6148.1	2457526	0.0235122426283646	0.0235122426292760	78.75
6148.1	2457526	0.0240735979021204	0.0240735979025110	33.75
6148.1	2457526	0.0269956833352511	0.0269956833354826	20.00
6148.1	2457526	0.0294205871372766	0.0294205871376383	31.25
6148.1	2457526	0.0295754767402569	0.0295754767406186	31.25
6148.1	2457526	0.0299816268963189	0.0299816268963912	6.25
6148.1	2457526	0.0310555620373779	0.0310555620376528	23.75
6148.1	2457526	0.0310555620376817	0.0310555620378698	16.25
6148.1	2457526	0.0324397819329219	0.0324397819332691	30.00
6148.1	2457526	0.0358366565738651	0.0358366565742413	32.50
6148.1	2457526	0.0360053706850920	0.0360053706853379	21.25
6148.1	2457526	0.0371525694684543	0.0371525694688594	35.00
6148.1	2457526	0.0393512900157488	0.0393512900161105	31.25
6148.1	2457526	0.0394083978701180	0.0394083978705521	37.50
6148.1	2457526	0.0398760374996898	0.0398760374999647	23.75
6148.1	2457526	0.0406867920706389	0.0406867920714925	73.75
6148.1	2457526	0.0406867920716805	0.0406867920717095	2.50
6148.1	2457526	0.0406987220944670	0.0406987220946840	18.75
6148.1	2457526	0.0410077885626817	0.0410077885630000	27.50
6148.1	2457526	0.0418976555016574	0.0418976555022795	53.75
6148.1	2457526	0.0439945672231418	0.0439945672233733	20.00
6148.1	2457526	0.0439945672234311	0.0439945672235758	12.50
6148.1	2457526	0.0463375164795509	0.0463375164798692	27.50
6148.1	2457526	0.0485423137553756	0.0485423137554913	10.00
6148.1	2457526	0.0524387685418194	0.0524387685419930	15.00
6148.1	2457526	0.0527996926930347	0.0527996926934543	36.25
6148.1	2457526	0.0533721943086018	0.0533721943091661	48.75
6148.1	2457526	0.0538206048372766	0.0538206048375370	22.50
6148.1	2457526	0.0561100553487783	0.0561100553491545	32.50
6148.1	2457526	0.0624099378321985	0.0624099378326325	37.50
6148.1	2457526	0.0627345181169930	0.0627345181172679	23.75
6148.1	2457526	0.0627345181172969	0.0627345181174994	17.50
6148.1	2457526	0.0635104851436713	0.0635104851442066	46.25
6148.1	2457526	0.0635941289712755	0.0635941289717529	41.25
6148.1	2457526	0.0660717356564751	0.0660717356567645	25.00
6148.1	2457526	0.0681107569615388	0.0681107569617992	22.50
6148.1	2457526	0.0688191412464346	0.0688191412467095	23.75
6148.1	2457526	0.0710163906003842	0.0710163906007604	32.50
6148.1	2457526	0.0729744184480405	0.0729744184481996	13.75
6148.1	2457526	0.0787019056204797	0.0787019056207546	23.75
6148.1	2457526	0.0787019056207980	0.0787019056210006	17.50
6148.1	2457526	0.0818934595515561	0.0818934595518599	26.25
6148.1	2457526	0.0846985884322998	0.0846985884325168	18.75
6148.1	2457526	0.0848729744033212	0.0848729744036250	26.25
6148.1	2457526	0.0859023592447853	0.0859023592455810	68.75
6148.1	2457526	0.0859023592456967	0.0859023592457980	8.75
6148.1	2457526	0.0930529596079508	0.0930529596081823	20.00
6148.1	2457526	0.0987392339946840	0.0987392339949010	18.75
6148.1	2457526	0.1011185445436713	0.1011185445439896	27.50
6148.1	2457526	0.1018386058187726	0.1018386058188883	10.00
6148.1	2457526	0.1025663673759051	0.1025663673762089	26.25
6148.1	2457526	0.1057913847133617	0.1057913847139114	47.50
6148.1	2457526	0.1057913847139259	0.1057913847141429	18.75
6148.1	2457526	0.1106499068983009	0.1106499068986047	26.25
6148.1	2457526	0.1114778501484022	0.1114778501485758	15.00
6148.1	2457526	0.1114778501486337	0.1114778501487494	10.00
6148.1	2457526	0.1120708395520914	0.1120708395532344	98.75
6148.1	2457526	0.1120708395533501	0.1120708395534803	11.25
6148.1	2457526	0.1120708395551151	0.1120708395553611	21.25
6148.1	2457526	0.1145522296053322	0.1145522296058819	47.50
6148.1	2457526	0.1146215887229537	0.1146215887234601	43.75
6148.1	2457526	0.1181794365667905	0.1181794365670220	20.00
6148.1	2457526	0.1182582762794207	0.1182582762798403	36.25
6148.1	2457526	0.1186026671329074	0.1186026671333125	35.00
6148.1	2457526	0.1196842148558675	0.1196842148561423	23.75
6148.1	2457526	0.1246337706389549	0.1246337706393310	32.50
6148.1	2457526	0.1263359721363796	0.1263359721366545	23.75
6148.1	2457526	0.1263630667099473	0.1263630667102222	23.75
6148.1	2457526	0.1289897199355549	0.1289897199359022	30.00
6148.1	2457526	0.1307957583883327	0.1307957583885931	22.50
6148.1	2457526	0.1310616156841516	0.1310616156844554	26.25
6148.1	2457526	0.1316154597364664	0.1316154597366111	12.50
6148.1	2457526	0.1317137026530752	0.1317137026534080	28.75
6148.1	2457526	0.1318669990347448	0.1318669990350052	22.50
6148.1	2457526	0.1322577039735179	0.1322577039738796	31.25
6148.1	2457526	0.1353877335924994	0.1353877335926441	12.50
6148.1	2457526	0.1388414363803900	0.1388414363806939	26.25
6148.1	2457526	0.1407443114711597	0.1407443114714780	27.50
6148.1	2457526	0.1485397387001383	0.1485397387007315	51.25
6148.1	2457526	0.1494659237994728	0.1494659237997766	26.25
6148.1	2457526	0.1494659237998200	0.1494659238000226	17.50
6148.1	2457526	0.1544366973380579	0.1544366973385208	40.00
6148.1	2457526	0.1561999545519323	0.1561999545520625	11.25
6148.1	2457526	0.1565038695212610	0.1565038695214925	20.00
6148.1	2457526	0.1575894678337176	0.1575894678340359	27.50
6148.1	2457526	0.1581298659755144	0.1581298659758906	32.50
6148.1	2457526	0.1610289898090503	0.1610289898093397	25.00
6148.1	2457526	0.1623190075531910	0.1623190075536829	42.50
6148.1	2457526	0.1623190075536973	0.1623190075539867	25.00
6148.1	2457526	0.1651692579215069	0.1651692579216661	13.75
6148.1	2457526	0.1660656090063449	0.1660656090065330	16.25
6148.1	2457526	0.1671689615092240	0.1671689615096146	33.75
6148.1	2457526	0.1678659180427598	0.1678659180431794	36.25
6148.1	2457526	0.1678659180431939	0.1678659180434109	18.75
6148.1	2457526	0.1684930273412407	0.1684930273413565	10.00
6148.1	2457526	0.1686612110617992	0.1686612110623200	45.00
6148.1	2457526	0.1686959789607720	0.1686959789610903	27.50
6148.1	2457526	0.1691996408032633	0.1691996408037263	40.00
6148.1	2457526	0.1691996408037552	0.1691996408039722	18.75
6148.1	2457526	0.1694221351314172	0.1694221351316632	21.25
6148.1	2457526	0.1694566676676441	0.1694566676677888	12.50
6148.1	2457526	0.1728935384494294	0.1728935384499068	41.25
6148.1	2457526	0.1738577491824155	0.1738577491826759	22.50
6148.1	2457526	0.1800537346438160	0.1800537346442210	35.00
6148.1	2457526	0.1800537346442500	0.1800537346444381	16.25
6148.1	2457526	0.1803179596411105	0.1803179596412986	16.25
6148.1	2457526	0.1834733947242558	0.1834733947246175	31.25
6148.1	2457526	0.1836245694479827	0.1836245694485035	45.00
6148.1	2457526	0.1840013513125804	0.1840013513128408	22.50
6148.1	2457526	0.1843108397536973	0.1843108397539577	22.50
6148.1	2457526	0.1858925256882459	0.1858925256885642	27.50
6148.1	2457526	0.1887552594771493	0.1887552594774965	30.00
6148.1	2457526	0.1904635537255579	0.1904635537259051	30.00
6148.1	2457526	0.1956881226745596	0.1956881226747911	20.00
6148.1	2457526	0.1970413363805492	0.1970413363807807	20.00
6148.1	2457526	0.1980916291747477	0.1980916291749936	21.25
6148.1	2457526	0.1981271575708269	0.1981271575712899	40.00
6148.1	2457526	0.2013726577369004	0.2013726577382893	120.00
6148.1	2457526	0.2016318508593252	0.2016318508596001	23.75
6148.1	2457526	0.2016318508596435	0.2016318508598750	20.00
6148.1	2457526	0.2025959932625660	0.2025959932628409	23.75
6148.1	2457526	0.2070796737332980	0.2070796737335874	25.00
6148.1	2457526	0.2079170532352945	0.2079170532356997	35.00
6148.1	2457526	0.2082923928713767	0.2082923928718831	43.75
6148.1	2457526	0.2096765969545654	0.2096765969548837	27.50
6148.1	2457526	0.2116384414905463	0.2116384414907633	18.75
6148.1	2457526	0.2118096809195538	0.2118096809199444	33.75
6148.1	2457526	0.2136129413711308	0.2136129413716950	48.75
6148.1	2457526	0.2146695874328785	0.2146695874334138	46.25
6148.1	2457526	0.2184441929630868	0.2184441929635353	38.75
6148.1	2457526	0.2187239269819381	0.2187239269824300	42.50
6148.1	2457526	0.2190939855316488	0.2190939855321985	47.50
6148.1	2457526	0.2221931656173402	0.2221931656177598	36.25
6148.1	2457526	0.2223888819877540	0.2223888819880289	23.75
6148.1	2457526	0.2269032263314461	0.2269032263317934	30.00
6148.1	2457526	0.2302639491762089	0.2302639491767153	43.75
6148.1	2457526	0.2316599575566777	0.2316599575572274	47.50
6148.1	2457526	0.2330274942190764	0.2330274942193657	25.00
6148.1	2457526	0.2349282676029450	0.2349282676030029	5.00
6148.1	2457526	0.2353602628211597	0.2353602628215503	33.75
6148.1	2457526	0.2357891349188738	0.2357891349190041	11.25
6148.1	2457526	0.2370546290548981	0.2370546290552164	27.50
6148.1	2457526	0.2378479982631591	0.2378479982633472	16.25
6148.1	2457526	0.2416681166166458	0.2416681166168918	21.25
6148.1	2457526	0.2422904076773518	0.2422904076777135	31.25
6148.1	2457526	0.2473072104240098	0.2473072104242558	21.25
6148.1	2457526	0.2482059838305637	0.2482059838308096	21.25
6148.1	2457526	0.2484444783189462	0.2484444783194670	45.00
6148.1	2457526	0.2484444783194815	0.2484444783197130	20.00
6148.1	2457526	0.2488647141190474	0.2488647141193513	26.25
6148.1	2457526	0.2490395597179479	0.2490395597181215	15.00
6148.1	2457526	0.2511620939986047	0.2511620939990098	35.00
6148.1	2457526	0.2511620939990387	0.2511620939992124	15.00
6148.1	2457526	0.2534528365758617	0.2534528365759485	7.50
6148.1	2457526	0.2536409001169930	0.2536409001174849	42.50
6148.1	2457526	0.2539151029615387	0.2539151029617123	15.00
6148.1	2457526	0.2543687504854103	0.2543687504860035	51.25
6148.1	2457526	0.2557407247557372	0.2557407247563304	51.25
6148.1	2457526	0.2557407247563449	0.2557407247565764	20.00
6148.1	2457526	0.2592986432457836	0.2592986432460295	21.25
6148.1	2457526	0.2598893890571262	0.2598893890574300	26.25
6148.1	2457526	0.2599223352665300	0.2599223352667760	21.25
6148.1	2457526	0.2599223352668339	0.2599223352670509	18.75
6148.1	2457526	0.2612388936213912	0.2612388936215503	13.75
6148.1	2457526	0.2631550836282489	0.2631550836287842	46.25
6148.1	2457526	0.2642725467982575	0.2642725467986482	33.75
6148.1	2457526	0.2674368052406620	0.2674368052409803	27.50
6148.1	2457526	0.2690410484361047	0.2690410484364230	27.50
6148.1	2457526	0.2725687806200023	0.2725687806204942	42.50
6148.1	2457526	0.2735882391770770	0.2735882391773518	23.75
6148.1	2457526	0.2736952337726354	0.2736952337731851	47.50
6148.1	2457526	0.2747257963966516	0.2747257963969555	26.25
6148.1	2457526	0.2754443254716082	0.2754443254718831	23.75
6148.1	2457526	0.2759692655892587	0.2759692655895914	28.75
6148.1	2457526	0.2795193290371609	0.2795193290375225	31.25
6148.1	2457526	0.2864817122396637	0.2864817122400544	33.75
6148.1	2457526	0.2865183114477367	0.2865183114479971	22.49
6148.1	2457526	0.2870933233385642	0.2870933233388970	28.75
6148.1	2457526	0.2874349280307228	0.2874349280310411	27.50
6148.1	2457526	0.2892693280453930	0.2892693280457546	31.25
6148.1	2457526	0.2911087398636945	0.2911087398639549	22.50
6148.1	2457526	0.2911446956244728	0.2911446956246609	16.25
6148.1	2457526	0.2919091841819815	0.2919091841820538	6.25
6148.1	2457526	0.2924657839717385	0.2924657839734890	151.25
6148.1	2457526	0.2924657839735179	0.2924657839736047	7.50
6148.1	2457526	0.2962887482956389	0.2962887482961886	47.50
6148.1	2457526	0.2962887482962031	0.2962887482964635	22.50
6148.1	2457526	0.2981544070408356	0.2981544070411105	23.75
6148.1	2457526	0.2981544070411250	0.2981544070413854	22.50
6148.1	2457526	0.3002314279808096	0.3002314279808819	6.25
6148.1	2457526	0.3066640460003119	0.3066640460005434	20.00
6148.1	2457526	0.3081688269275110	0.3081688269280463	46.25
6148.1	2457526	0.3085605288315908	0.3085605288318223	20.00
6148.1	2457526	0.3095094477708125	0.3095094477710006	16.25
6148.1	2457526	0.3098739274674271	0.3098739274677598	28.75
6148.1	2457526	0.3100743418803177	0.3100743418805637	21.25
6148.1	2457526	0.3100743418805926	0.3100743418807517	13.75
6148.1	2457526	0.3103879759748634	0.3103879759751239	22.50
6148.1	2457526	0.3113431548893599	0.3113431548896203	22.50
6148.1	2457526	0.3114896963815909	0.3114896963818513	22.50
6148.1	2457526	0.3126137757690619	0.3126137757696117	47.50
6148.1	2457526	0.3131007997752395	0.3131007997756013	31.25
6148.1	2457526	0.3161576038953351	0.3161576038956099	23.75
6148.1	2457526	0.3175170619153872	0.3175170619156331	21.25
6148.1	2457526	0.3175170619156765	0.3175170619158646	16.25
6148.1	2457526	0.3249379978285382	0.3249379978293049	66.25
6148.1	2457526	0.3268027619310555	0.3268027619312870	20.00
6148.1	2457526	0.3322638570992558	0.3322638570996898	37.50
6148.1	2457526	0.3324042264092385	0.3324042264095856	30.00
6148.1	2457526	0.3324512844670654	0.3324512844684543	120.00
6148.1	2457526	0.3343864728533645	0.3343864728536684	26.25
6148.1	2457526	0.3344663061724618	0.3344663061725775	10.00
6148.1	2457526	0.3344784460764983	0.3344784460765851	7.50
6148.1	2457526	0.3376834743844409	0.3376834743846001	13.76
6148.1	2457526	0.3391371463524242	0.3391371463528437	36.25
6148.1	2457526	0.3449380714004277	0.3449380714007315	26.25
6148.1	2457526	0.3450762516990243	0.3450762516993570	28.74
6148.1	2457526	0.3452388003182662	0.3452388003186858	36.25
6148.1	2457526	0.3479735170071696	0.3479735170073576	16.25
6148.1	2457526	0.3503569160272795	0.3503569160274242	12.50
6148.1	2457526	0.3534046072487784	0.3534046072490967	27.50
6148.1	2457526	0.3535326596199733	0.3535326596201614	16.25
6148.1	2457526	0.3546556859358877	0.3546556859362060	27.50
6148.1	2457526	0.3552047442350341	0.3552047442351788	12.50
6148.1	2457526	0.3562409787478380	0.3562409787480405	17.50
6148.1	2457526	0.3562409787480839	0.3562409787482286	12.50
6148.1	2457526	0.3574190995910237	0.3574190995912696	21.25
6148.1	2457526	0.3578755345721291	0.3578755345725052	32.50
6148.1	2457526	0.3594354903133617	0.3594354903136944	28.75
6148.1	2457526	0.3605464801292905	0.3605464801297245	37.50
6148.1	2457526	0.3613944159467240	0.3613944159470133	25.00
6148.1	2457526	0.3619516394772651	0.3619516394774965	20.00
6148.1	2457526	0.3628975349787118	0.3628975349791314	36.25
6148.1	2457526	0.3639767972545509	0.3639767972549994	38.75
6148.1	2457526	0.3668957480035093	0.3668957480037263	18.75
6148.1	2457526	0.3677347384500515	0.3677347384503119	22.50
6148.1	2457526	0.3706031129632894	0.3706031129638681	50.00
6148.1	2457526	0.3706185332078061	0.3706185332079219	10.00
6148.1	2457526	0.3721335996921088	0.3721335996924126	26.25
6148.1	2457526	0.3795335124826035	0.3795335124827337	11.25
6148.1	2457526	0.3795691689465359	0.3795691689467963	22.50
6148.1	2457526	0.3831559259044352	0.3831559259047245	25.00
6148.1	2457526	0.3858075244889259	0.3858075244890851	13.75
6148.1	2457526	0.3909101495865533	0.3909101495867124	13.75
6148.1	2457526	0.3914298267396927	0.3914298267398808	16.25
6148.1	2457526	0.3917396088439751	0.3917396088443224	30.00
6148.1	2457526	0.3926084724481417	0.3926084724483732	20.00
6148.1	2457526	0.3926084724484312	0.3926084724485613	11.25
6148.1	2457526	0.3931707424257459	0.3931707424261655	36.25
6148.1	2457526	0.3966961041499791	0.3966961041502831	26.26
6148.1	2457526	0.3972482270665879	0.3972482270668917	26.25
6148.1	2457526	0.3983099380788275	0.3983099380792615	37.50
6148.1	2457526	0.4000492546277425	0.4000492546280607	27.50
6148.1	2457526	0.4008555781850053	0.4008555781852223	18.75
6148.1	2457526	0.4038784715002974	0.4038784715005145	18.75
6148.1	2457526	0.4055376286861193	0.4055376286865967	41.25
6148.1	2457526	0.4055376286866111	0.4055376286867992	16.24
6148.1	2457526	0.4060003159055347	0.4060003159057517	18.75
6148.1	2457526	0.4069834466381880	0.4069834466384485	22.50
6148.1	2457526	0.4081566213660816	0.4081566213662697	16.25
6148.1	2457526	0.4097616351031765	0.4097616351036684	42.50
6148.1	2457526	0.4112461027435700	0.4112461027439028	28.75
6148.1	2457526	0.4158590301951905	0.4158590301953785	16.24
6148.1	2457526	0.4167728713401122	0.4167728713404016	25.00
6148.1	2457526	0.4194638135864664	0.4194638135867413	23.75
6148.1	2457526	0.4208867425722159	0.4208867425729248	61.25
6148.1	2457526	0.4212843418827916	0.4212843418829798	16.25
6148.1	2457526	0.4222007838866111	0.4222007838869583	30.00
6148.1	2457526	0.4225401198985179	0.4225401198987928	23.76
6148.1	2457526	0.4231688389290735	0.4231688389293483	23.75
6148.1	2457526	0.4238645826997477	0.4238645826999936	21.25
6148.1	2457526	0.4250580613258907	0.4250580613261366	21.24
6148.1	2457526	0.4254555651793194	0.4254555651797824	40.00
6148.1	2457526	0.4254555651798114	0.4254555651799994	16.24
6148.1	2457526	0.4273901088761655	0.4273901088766574	42.50
6148.1	2457526	0.4278537253236337	0.4278537253237928	13.75
6148.1	2457526	0.4283999141668339	0.4283999141671088	23.75
6148.1	2457526	0.4307497653210729	0.4307497653213477	23.75
6148.1	2457526	0.4313192489830954	0.4313192489833414	21.26
6148.1	2457526	0.4322065569711164	0.4322065569712466	11.25
6148.1	2457526	0.4331322243483009	0.4331322243486626	31.25
6148.1	2457526	0.4333896662629421	0.4333896662633327	33.75
6148.1	2457526	0.4333896662633472	0.4333896662635063	13.75
6148.1	2457526	0.4363247321900544	0.4363247321904016	30.00
6148.1	2457526	0.4377137880997621	0.4377137881000805	27.51
6148.1	2457526	0.4386264539175284	0.4386264539180058	41.25
6148.1	2457526	0.4400979710106997	0.4400979710111192	36.25
6148.1	2457526	0.4405176445185121	0.4405176445186279	10.00
6148.1	2457526	0.4424864592852512	0.4424864592855983	30.00
6148.1	2457526	0.4436468287173547	0.4436468287177020	30.00
6148.1	2457526	0.4437978828506157	0.4437978828511365	45.00
6148.1	2457526	0.4437978828511655	0.4437978828513536	16.25
6148.1	2457526	0.4456527403143309	0.4456527403145914	22.50
6148.1	2457526	0.4463753206932806	0.4463753206937002	36.25
6148.1	2457526	0.4463753206937147	0.4463753206939027	16.25
6148.1	2457526	0.4467274635336163	0.4467274635341805	48.75
6148.1	2457526	0.4467286733094554	0.4467286733096580	17.50
6148.1	2457526	0.4488610490755579	0.4488610490759485	33.75
6148.1	2457526	0.4489730659723171	0.4489730659726210	26.25
6148.1	2457526	0.4489730659726355	0.4489730659728380	17.50
6148.1	2457526	0.4527295076993136	0.4527295076994872	15.00
6148.1	2457526	0.4527833182635208	0.4527833182638102	25.00
6148.1	2457526	0.4527833182638247	0.4527833182640995	23.75
6148.1	2457526	0.4547411919594265	0.4547411919596869	22.50
6148.1	2457526	0.4547411919597448	0.4547411919598750	11.25
6148.1	2457526	0.4549324625888536	0.4549324625892731	36.24
6148.1	2457526	0.4554217018639837	0.4554217018641285	12.50
6148.1	2457526	0.4588680165494728	0.4588680165498779	35.00
6148.1	2457526	0.4626470256133472	0.4626470256137668	36.25
6148.1	2457526	0.4627183495293483	0.4627183495295364	16.25
6148.1	2457526	0.4657767251615822	0.4657767251616690	7.50
6148.1	2457526	0.4707500022392008	0.4707500022396348	37.50
6148.1	2457526	0.4707500022396637	0.4707500022398807	18.75
6148.1	2457526	0.4713480860258039	0.4713480860258762	6.25
6148.1	2457526	0.4731480274165301	0.4731480274167181	16.25
6148.1	2457526	0.4755976737476788	0.4755976737478090	11.25
6148.1	2457526	0.4770275138843542	0.4770275138848027	38.75
6148.1	2457526	0.4770275138848316	0.4770275138850920	22.49
6148.1	2457526	0.4807055696554768	0.4807055696557228	21.25
6148.1	2457526	0.4823643971939317	0.4823643971943513	36.25
6148.1	2457526	0.4823643971943947	0.4823643971945394	12.50
6148.1	2457526	0.4825757845718831	0.4825757845722882	35.00
6148.1	2457526	0.4825757845723172	0.4825757845725052	16.25
6148.1	2457526	0.4829044443589057	0.4829044443592673	31.24
6148.1	2457526	0.4837636838888970	0.4837636838891430	21.26
6148.1	2457526	0.4876804710927309	0.4876804710932083	41.25
6148.1	2457526	0.4891761598791458	0.4891761598794062	22.50
6148.1	2457526	0.4894581264401267	0.4894581264404161	25.00
6148.1	2457526	0.4898279144019033	0.4898279144022361	28.75
6148.1	2457526	0.4906097131189028	0.4906097131192645	31.25
6148.1	2457526	0.4964104569532488	0.4964104569536540	35.01
6148.1	2457526	0.4969586580367558	0.4969586580372911	46.25
6148.1 2457526 0.4978720851708270 0.4978720851712176    33.75